      1 PID
      1 1
      1 2
      1 3
      1 4
      1 6
      1 8
      1 9
      1 10
      1 11
      1 12
      1 14
      1 15
      1 16
      1 17
      1 18
      1 20
      1 21
      1 22
      1 23
      1 24
      1 26
      1 27
      1 28
      1 29
      1 30
      1 32
      1 33
      1 34
      1 35
      1 36
      1 39
      1 40
      1 41
      1 42
      1 43
      1 44
      1 45
      1 46
      1 47
      1 48
      1 49
      1 50
      1 51
      1 52
      1 53
      1 58
      1 59
      1 60
      1 149
      1 150
      1 152
      1 164
      1 183
      1 238
      1 239
      1 240
      1 241
      1 242
      1 243
      1 244
      1 245
      1 249
      1 250
      1 253
      1 281
      1 282
      1 297
      1 336
      1 353
      1 391
      1 398
      1 404
      1 413
      1 414
      1 415
      1 416
      1 417
      1 418
      1 419
      1 420
      1 421
      1 422
      1 423
      1 424
      1 425
      1 427
      1 428
      1 430
      1 432
      1 441
      1 459
      1 481
      1 494
      1 597
      1 616
      1 617
      1 619
      1 620
      1 688
      1 869
      2 870
      2 974
      1 977
      3 978
      1 979
      1 993
      1 994
      2 995
      3 1004
      5 1005
      3 1006
      1 1007
      4 1008
      1 1014
      1 1015
      1 1017
      1 1021
      1 1023
     20 1028
      1 1053
      5 1063
      1 1065
      3 1072
      3 1073
      1 1116
      3 1142
      1 1157
      1 1169
      1 1170
      1 1171
      1 1172
      1 1173
      1 1174
      1 1175
      1 1176
      1 1177
      1 1178
      1 1179
      1 1180
      1 1193
      2 1208
      3 1385
      3 1389
      3 1514
      3 1632
      1 1634
      1 1640
      3 1717
      1 1745
      3 1753
      1 1759
      1 1767
      1 1774
      1 1776
      1 1781
      1 1808
      1 1813
      1 1814
      4 1827
      3 1831
      1 1833
      4 1835
     12 1919
      3 1928
      6 1933
      6 1940
      4 1948
      1 1953
      3 1955
      3 1962
      4 1966
      4 1967
      4 1971
      3 1973
      3 1984
      6 1989
      4 1993
      4 1998
      4 2001
      3 2004
      4 2013
      3 2018
      3 2022
      4 2026
      3 2031
      5 2035
      5 2036
      6 2041
      4 2042
      4 2043
      6 2051
      3 2053
      4 2055
      4 2056
      4 2059
      3 2062
      5 2063
      1 2065
      5 2069
      3 2075
      4 2078
      4 2079
      4 2082
      3 2103
     10 2115
      3 2125
      6 2129
      3 2147
      5 2193
      5 2195
      6 2197
      5 2206
      3 2217
      3 2282
      4 2587
      4 2589
      5 2683
      3 2689
      3 3651
      4 3796
      3 3822
      4 3837
      1 5808
      1 6455
      1 7756
      1 11151
      1 11310
      1 11324
      1 11359
      1 11363
      1 11382
      1 11387
      1 11388
      1 11390
      1 11546
      1 11625
     61 11700
     26 11755
     24 11805
     26 11853
     27 11931
      6 11984
      4 12017
      1 12022
     28 12068
     26 12109
     20 12149
      1 12253
      1 12289
      1 12340
      1 12456
      1 12457
      1 12458
